000070
000080
000100
000120
000150
000210
000240
000250
000270
000370
000400
000500
000640
000660
000670
000720
000810
000880
000990
001040
001060
001120
001230
001430
001440
001450
001510
001530
001570
001680
001720
001740
001800
001820
002350
002380
002620
002710
002790
002840
003000
003030
003090
003100
003160
003230
003240
003300
003380
003470
003490
003520
003530
003540
003550
003570
003580
003620
003670
003690
003850
004000
004020
004170
004370
004490
004690
004800
004990
005070
005250
005290
005300
005380
005420
005440
005490
005610
005690
005830
005850
005880
005930
005940
005950
006040
006110
006120
006260
006280
006340
006360
006400
006490
006650
006730
006740
006800
006840
007070
007310
007340
007390
007460
007570
007660
007700
007810
008730
008770
008930
009150
009240
009410
009420
009450
009520
009540
009830
009900
009970
010060
010120
010130
010140
010170
010780
010950
011000
011070
011170
011200
011210
011780
011790
011810
012330
012450
012630
012750
013890
014620
014680
014820
014830
015750
015760
016360
016380
016450
016710
016790
017390
017670
017800
017960
018250
018260
018290
018670
018880
019170
020000
020150
020560
021240
022100
023160
023530
023590
024110
024720
025320
025540
025900
025980
026960
027360
027410
028050
028260
028300
028670
029780
030000
030190
030200
030530
030610
031210
031330
031430
031980
032190
032350
032500
032640
032820
032830
033100
033240
033270
033640
033780
033790
033920
034020
034120
034220
034230
034730
035250
035420
035720
035760
035900
036420
036460
036530
036540
036570
036810
036830
036930
037560
038500
038540
039030
039130
039200
039490
041190
041510
041960
042000
042660
042700
043260
044490
046890
047040
047050
047770
047810
047920
048410
048530
049950
050890
051370
051600
051900
051910
051980
052020
052690
053030
053800
055550
056080
056190
058470
058610
060250
060370
062040
063080
064260
064350
064400
064550
064760
064960
065350
065660
066570
066970
067160
067310
067630
068240
068270
068760
069080
069260
069620
069960
071050
071320
071840
071970
073240
075580
077970
078160
078340
078600
078930
079160
079550
080220
081660
082270
082640
082740
082920
083450
083650
084110
084370
084850
084990
085620
085660
086280
086450
086520
086790
086900
087010
088350
088800
088980
089030
089590
089860
089970
089980
090430
090460
090710
091120
093050
093370
094170
095340
095610
095660
095700
096530
096770
097230
097520
097950
098460
099320
100090
100790
100840
101490
102940
103140
103590
105560
105630
108230
108320
108490
108670
111770
112040
112610
114090
115180
115450
120110
121600
121800
122870
124500
126340
127120
128940
131290
131370
131970
137310
137400
138930
139130
139480
140410
140860
141080
144510
145020
145720
145990
160190
161000
161390
161580
161890
166090
170900
171090
174900
175330
178320
178920
180640
181710
183300
183490
185750
187660
189300
192080
192400
192820
194480
195870
195940
196170
199800
200130
200230
204270
204320
206650
207940
213420
214150
214320
214370
214450
215000
215200
215600
218410
222080
222800
225570
226320
226950
229640
232140
235980
237690
240810
241560
241590
241710
247540
248070
249420
251270
253450
256840
257720
259960
263750
267250
267260
267270
268280
271560
271940
271980
272210
272290
272450
277810
278280
278470
280360
281740
281820
282330
284740
285130
290650
293490
293780
294870
295310
298000
298020
298040
298050
298380
299030
299660
299900
300720
302440
307950
310210
314130
316140
317330
319400
319660
322000
323280
323410
323990
326030
328130
329180
336260
336370
336570
344820
347700
347850
348210
348340
348370
352480
352820
353200
356860
357780
358570
361610
363280
365340
373220
375500
376300
377300
383220
383310
388720
389470
393890
397030
399720
402340
403870
415640
417200
420770
437730
440110
443060
445680
450080
454910
456040
457190
458870
462870
466100
475150
475830
476060
483650
484870
489790
499790
950130
950160
950210